155
279
423
154
88
293
433
252
325
306
58
58
26
76
349
9
460
133
112
371
22
214
385
23
420
329
216
434
322
500
202
11
324
20
411
349
465
184
127
251
70
289
318
348
365
455
295
497
67
103
97
249
119
227
47
438
228
360
424
285
398
400
362
208
441
404
57
429
429
273
385
13
492
232
345
486
298
183
42
220
383
105
124
162
182
459
33
91
269
474
41
120
28
352
372
497
427
243
121
394
61
411
283
79
422
418
109
93
312
20
147
60
190
393
48
396
318
482
147
231
388
443
181
13
413
60
148
29
313
253
141
417
181
141
253
320
339
59
223
459
340
288
48
17
334
97
350
373
42
404
413
13
95
322
145
327
477
293
241
91
368
474
224
8
32
50
80
364
60
221
264
242
205
40
329
330
307
75
32
253
453
22
70
414
367
19
137
416
108
333
479
477
211
145
419
217
185
459
499
471
155
132
432
254
452
426
395
448
311
252
119
210
384
212
337
465
468
119
400
465
127
200
466
198
153
181
450
444
238
165
386
188
348
214
385
148
291
342
243
80
97
345
28
309
268
89
266
480
407
38
247
250
91
342
242
343
223
183
244
190
116
356
2
429
255
290
266
94
210
55
221
311
171
230
136
224
118
342
31
494
416
440
393
475
132
491
488
84
52
487
325
255
12
251
270
278
63
176
332
29
102
371
240
489
465
67
196
182
16
226
9
203
159
404
328
170
494
276
41
384
245
309
442
410
308
323
440
146
51
23
202
351
417
322
344
194
401
3
374
495
456
23
230
322
274
472
31
124
133
270
155
365
186
128
431
79
339
127
127
198
304
55
150
341
190
475
261
437
269
34
358
314
400
153
330
443
340
37
343
426
123
20
183
333
189
239
300
322
349
48
261
133
446
293
489
151
242
138
350
148
245
462
76
414
206
67
63
112
407
422
244
90
82
90
314
480
239
348
370
17
253
484
476
356
212
411
288
225
476
358
79
363
277
37
12
404
380
28
157
320
478
157
260
327
242
196
30
156
85
379
113
462
119
450
494
245
3
425
84
402
337
272
489
494
376
179
95
251
259
382
35
188
481
319
25
5
365
251
354
404
412
479
109
354
378
336
412
115
93
18
283
409
256
75
207
213
399
491
206
81
